# Time-averaged data for fix fc_ave
# TimeStep v_xfrict v_yfrict v_sx v_sy v_sz v_fx v_fy v_fz v_comx_ctop v_comy_ctop v_comz_ctop v_comx_cbot v_comy_cbot v_comz_cbot
3000 0.387836 0.398227 0.0281236 0.0285391 -101.1 11.4751 11.4704 99.6555 50.1376 49.3464 15.2044 50.1485 48.6236 8.41396
4000 2.10435 2.40639 0.33076 0.357099 -99.2585 30.9922 28.147 97.6233 50.073 49.2834 15.2103 50.143 48.6176 8.41586
5000 3.49701 2.85616 1.27694 1.35093 -103.397 21.1827 6.96252 109.642 50.0092 49.2483 15.1988 50.1264 48.6002 8.41144
6000 4.8739 2.9293 2.95869 2.65039 -103.262 46.3186 22.3075 95.3372 49.9204 49.2077 15.2069 50.0995 48.5797 8.4114
7000 6.09656 2.79117 5.4227 4.21406 -97.9025 18.7548 7.34469 102.004 49.8156 49.1613 15.2174 50.058 48.5538 8.41624
8000 5.54063 1.71789 8.51853 6.02277 -103.109 14.3886 3.46992 104.178 49.8202 49.1809 15.2 50.0052 48.5249 8.40879
9000 4.91634 2.40408 11.6317 7.45027 -97.5864 24.2682 18.1988 95.084 49.7696 49.1341 15.2113 49.9458 48.4938 8.41125
10000 3.82207 1.09497 15.1352 9.41468 -97.0084 -4.31843 -12.246 107.665 49.7603 49.1457 15.1991 49.8793 48.4557 8.4066
11000 1.83481 0.139526 18.7337 11.266 -98.0297 18.0365 10.9443 96.0399 49.7584 49.1469 15.1931 49.8097 48.4198 8.3988
12000 0.0191672 -1.43972 21.9368 12.9051 -94.7505 -4.27329 -24.6525 106.014 49.7348 49.156 15.1865 49.7376 48.3819 8.39378
13000 -2.45539 -3.64342 25.2921 14.3465 -96.8171 8.79067 0.0638277 96.2428 49.7223 49.1935 15.1787 49.6674 48.3512 8.38237
14000 -5.50188 -4.63019 27.9321 15.2982 -95.1158 -18.2423 -15.5538 105.529 49.7178 49.1899 15.1701 49.5991 48.3237 8.37424
15000 -8.32173 -6.08719 30.4708 16.2926 -97.5673 0.117104 -15.989 98.0896 49.7138 49.2147 15.1643 49.5406 48.3 8.36232
16000 -10.16 -7.25279 32.1919 16.7443 -95.7932 -19.5758 -22.5364 102.996 49.6875 49.2465 15.1602 49.4853 48.2802 8.35497
17000 -13.0737 -8.33059 34.0408 17.268 -98.7531 -18.4098 -16.1034 100.114 49.699 49.2637 15.1547 49.4375 48.2654 8.34364
18000 -14.7306 -8.94215 35.0274 17.3883 -98.1709 -19.0838 -34.4224 101.738 49.6847 49.3015 15.1534 49.3968 48.2536 8.33714
19000 -16.4366 -9.34932 35.9394 17.5441 -98.9601 -31.2166 -20.9376 101.238 49.6782 49.3468 15.153 49.3616 48.2443 8.33006
20000 -18.4921 -9.68936 36.7006 17.7255 -100.678 -28.6101 -33.488 101.268 49.6935 49.3783 15.1525 49.3339 48.2367 8.3232
21000 -19.4778 -9.1079 36.9565 17.8683 -100.241 -33.1274 -31.6998 100.717 49.6854 49.4416 15.1563 49.3125 48.2283 8.31958
22000 -21.1968 -8.55383 37.3683 18.2856 -101.852 -40.8497 -29.4793 101.671 49.7077 49.4904 15.1582 49.2967 48.216 8.31424
23000 -22.1176 -6.97766 37.239 18.7772 -101.463 -37.1538 -37.8166 100.752 49.7169 49.5594 15.1643 49.2877 48.1977 8.31167
24000 -23.2038 -4.62946 36.9232 19.7356 -101.662 -47.7201 -28.6899 101.578 49.7369 49.6383 15.1681 49.2844 48.167 8.30833
25000 -23.7963 -1.25635 36.1157 21.1251 -101.035 -43.5687 -36.1748 100.788 49.7639 49.7227 15.1729 49.2877 48.1186 8.30518
26000 -23.7446 3.60815 34.3924 22.7676 -98.3947 -50.6695 -28.017 101.126 49.7894 49.8369 15.1729 49.2963 48.0442 8.30208
27000 -22.8123 8.66891 31.625 24.3206 -94.8126 -49.1745 -28.911 100.622 49.8326 49.9552 15.166 49.3103 47.938 8.29659
28000 -19.9777 11.8484 27.164 24.3915 -89.4049 -51.4605 -24.3169 100.996 49.8798 50.1016 15.1464 49.3266 47.8046 8.28958
29000 -15.0414 10.6263 22.0425 22.3474 -88.3172 -50.6492 -20.1314 101.123 49.9544 50.2325 15.1182 49.3397 47.666 8.27686
30000 -8.39193 6.81839 17.1095 18.4134 -91.3797 -48.3713 -20.3692 101.662 50.0506 50.3491 15.0933 49.3392 47.5501 8.26235
31000 -2.34025 4.98548 12.9677 13.1687 -95.1375 -45.9691 -15.4222 101.115 50.1758 50.4378 15.0776 49.3197 47.4659 8.25068
32000 2.56876 5.14895 9.42743 7.18363 -96.3007 -40.8441 -17.8868 101.243 50.3177 50.5179 15.066 49.2836 47.4045 8.24464
33000 5.18182 5.54389 6.7036 1.3311 -96.4237 -36.9771 -14.5084 101.009 50.466 50.6004 15.0532 49.2363 47.361 8.2419
34000 4.01502 4.83478 4.95151 -3.27189 -97.022 -32.8867 -15.1933 101.291 50.6078 50.6755 15.0401 49.191 47.3349 8.24014
35000 0.813699 2.73129 4.39516 -5.59491 -98.7196 -29.7637 -15.0774 101.258 50.7247 50.7474 15.0306 49.1612 47.3281 8.23775
36000 -2.74047 0.643794 4.88065 -5.63482 -100.31 -29.1767 -14.4543 101.235 50.818 50.8044 15.0268 49.1498 47.3371 8.23555
37000 -5.46964 -1.18011 5.94351 -4.16505 -101.296 -28.1324 -16.8544 101.178 50.8911 50.8545 15.0266 49.1529 47.3544 8.23418
38000 -7.48245 -2.68976 7.24928 -1.93722 -101.854 -29.5066 -16.9235 101.156 50.9514 50.9004 15.0284 49.1649 47.3747 8.23364
39000 -9.12625 -3.91904 8.5515 0.529756 -102.187 -30.2345 -19.1383 101.158 51.0063 50.9411 15.031 49.1822 47.3945 8.23374
40000 -10.5016 -5.05912 9.78998 3.10753 -102.527 -31.5405 -20.7909 101.151 51.0555 50.9836 15.0342 49.2033 47.4124 8.23439
41000 -11.7453 -6.09201 10.8527 5.63714 -102.827 -33.4399 -21.9534 101.175 51.1038 51.0237 15.038 49.2275 47.4275 8.23548
42000 -12.8863 -7.08814 11.6759 8.12294 -103.096 -34.4581 -24.4723 101.145 51.1502 51.0651 15.0423 49.2549 47.4399 8.23696
43000 -13.9461 -7.94592 12.3778 10.5622 -103.296 -36.6327 -25.3705 101.175 51.1959 51.1072 15.0471 49.2854 47.4491 8.23876
44000 -14.9482 -8.68696 12.8077 12.9231 -103.498 -37.8362 -27.6134 101.151 51.2422 51.1496 15.0523 49.3195 47.4546 8.24074
45000 -15.88 -9.26808 12.9439 15.2152 -103.576 -39.6475 -28.8658 101.155 51.2877 51.195 15.058 49.3575 47.4562 8.24292
46000 -16.7223 -9.62973 12.7291 17.4351 -103.613 -41.2046 -30.326 101.16 51.3346 51.2415 15.0637 49.4004 47.4529 8.24506
47000 -17.3857 -9.699 11.9695 19.5427 -103.465 -42.5276 -31.774 101.134 51.3817 51.2922 15.0697 49.4487 47.4438 8.24704
48000 -17.8932 -9.36651 10.824 21.5203 -103.191 -44.1519 -32.4722 101.152 51.4308 51.3465 15.0754 49.503 47.4276 8.2486
49000 -18.1501 -8.39766 9.08586 23.26 -102.581 -45.076 -33.4799 101.114 51.4819 51.4067 15.0805 49.5641 47.4023 8.24947
50000 -18.1211 -6.51402 6.67448 24.4033 -101.44 -46.3177 -33.3066 101.081 51.5358 51.4757 15.0845 49.6324 47.3649 8.24903
51000 -17.7159 -3.84977 3.77509 24.7688 -99.848 -46.8139 -33.0997 101.047 51.5937 51.5554 15.0859 49.7085 47.3135 8.2468
