# Time-averaged data for fix fc_ave
# TimeStep v_xfrict v_yfrict v_sx v_sy v_sz v_fx v_fy v_fz v_comx_ctop v_comy_ctop v_comz_ctop v_comx_cbot v_comy_cbot v_comz_cbot
3000 0.358826 0.426502 0.0260616 0.030516 -101.1 10.6504 12.246 99.6513 50.1384 49.3457 15.2044 50.1486 48.6236 8.41396
4000 1.93276 2.61333 0.305617 0.384592 -99.2647 28.3483 29.8006 97.7906 50.0787 49.2786 15.2102 50.1435 48.6171 8.41586
5000 3.18391 3.1474 1.16951 1.46831 -103.484 20.2877 8.23518 109.32 50.0205 49.2416 15.1985 50.1283 48.5981 8.41135
6000 4.52952 3.38347 2.72057 2.90889 -103.006 45.002 25.1704 95.2639 49.9333 49.1953 15.2072 50.1036 48.5753 8.41167
7000 5.78866 3.24111 4.98548 4.75491 -97.9462 17.9459 5.04385 102.94 49.8309 49.1462 15.2169 50.065 48.5456 8.41622
8000 5.52273 1.66666 7.99425 6.65609 -103.375 16.7151 6.08268 103.068 49.8312 49.1714 15.1998 50.0147 48.5137 8.40856
9000 4.92298 2.45892 10.9149 8.25064 -97.251 21.1592 16.5277 96.0099 49.78 49.1189 15.2118 49.9572 48.4803 8.41161
10000 3.94927 0.764759 14.4427 10.2903 -97.6196 1.5165 -13.1694 106.261 49.7734 49.1387 15.1984 49.893 48.4399 8.40615
11000 2.30337 -0.240067 17.9308 12.1304 -97.417 15.1799 9.1512 97.4629 49.7607 49.1391 15.1943 49.8241 48.403 8.39974
12000 0.213496 -1.83296 21.2414 13.8643 -95.5272 -2.78339 -23.1817 105.369 49.7455 49.1501 15.1857 49.7528 48.3644 8.39335
13000 -2.06691 -3.7864 24.4718 15.3196 -96.5671 10.9674 -2.41121 96.061 49.7292 49.1827 15.1797 49.6835 48.332 8.38316
14000 -4.954 -5.04889 27.1442 16.3416 -94.9325 -17.8874 -18.0177 106.13 49.7178 49.1932 15.1709 49.6154 48.3024 8.37494
15000 -7.93394 -6.30914 29.7367 17.4212 -97.7234 0.11735 -14.2032 97.8877 49.718 49.21 15.1648 49.5569 48.2771 8.36264
16000 -9.74076 -7.44762 31.4959 17.9999 -96.2842 -10.5612 -29.953 102.096 49.688 49.2521 15.1602 49.5023 48.2547 8.35489
17000 -12.0997 -8.28945 33.1469 18.5163 -97.395 -21.9621 -16.4741 101.634 49.6792 49.2847 15.1563 49.4529 48.236 8.34505
18000 -14.4427 -8.86572 34.4415 18.9309 -98.9663 -16.593 -33.6243 101.264 49.68 49.3158 15.1527 49.4116 48.2198 8.33582
19000 -15.4783 -8.64986 35.1444 19.1645 -98.132 -21.5157 -29.6368 100.112 49.6535 49.3781 15.154 49.3759 48.2038 8.32992
20000 -17.8854 -8.50089 35.9283 19.7092 -100.215 -33.431 -27.2091 102.429 49.666 49.4232 15.1511 49.3459 48.1856 8.32144
21000 -18.8198 -7.1392 35.9985 20.1943 -99.7659 -24.6567 -39.2391 100.27 49.6603 49.4867 15.1549 49.3243 48.1628 8.31643
22000 -20.0563 -4.9471 35.7814 20.9981 -99.5389 -39.9826 -28.3764 101.961 49.6592 49.5712 15.1555 49.3076 48.1287 8.31086
23000 -21.2685 -2.07671 35.2032 22.23 -100.017 -34.5385 -35.785 100.653 49.6794 49.6464 15.1568 49.2994 48.0791 8.30432
24000 -21.1241 2.53916 33.4634 23.344 -96.8685 -39.897 -32.0271 100.878 49.6818 49.7652 15.1554 49.2976 48.0067 8.30002
25000 -20.9925 7.24294 30.9005 24.3679 -94.5931 -43.8674 -26.9496 101.016 49.7143 49.8795 15.1458 49.302 47.9055 8.29202
26000 -18.7195 10.093 26.6057 23.7906 -89.9661 -41.0675 -30.3135 100.744 49.7425 50.0227 15.1281 49.3122 47.7809 8.28449
27000 -15.2338 8.67108 21.7931 21.4834 -89.6739 -46.5648 -19.7048 101.476 49.7968 50.1562 15.1012 49.3226 47.6546 8.27238
28000 -10.5884 4.42848 17.3766 18.0846 -93.2861 -41.4507 -25.3802 101.499 49.8699 50.2647 15.0808 49.3279 47.5516 8.25936
29000 -5.68463 1.33587 14.0066 14.3394 -97.449 -42.7648 -18.4731 101.34 49.9627 50.3558 15.0695 49.3205 47.4822 8.24913
30000 -1.6199 1.25886 11.3545 10.2378 -99.1168 -38.6169 -21.5172 101.203 50.0768 50.4228 15.066 49.2996 47.4343 8.24343
31000 2.52973 1.89072 9.13177 5.78543 -99.0498 -35.0706 -20.5816 100.978 50.1976 50.5032 15.0621 49.265 47.3991 8.24063
32000 5.36971 3.64886 7.37279 1.09401 -97.8709 -32.804 -18.4359 101.088 50.3302 50.5783 15.0553 49.2177 47.3728 8.23973
33000 5.9583 4.01038 5.94482 -3.32209 -97.267 -27.2202 -20.5559 101.067 50.4598 50.6635 15.0445 49.1653 47.3545 8.23894
34000 3.76932 3.00169 5.53373 -6.32973 -97.6147 -26.4895 -17.2461 101.275 50.5747 50.7452 15.0338 49.1192 47.3506 8.2373
35000 0.267449 1.35614 6.05387 -7.47916 -99.0055 -23.545 -19.004 101.226 50.6704 50.8153 15.0263 49.0881 47.3608 8.23442
36000 -2.90765 -0.560134 7.07636 -6.83798 -100.22 -23.413 -19.1064 101.177 50.7403 50.8817 15.0234 49.0726 47.3817 8.23205
37000 -5.47833 -2.0663 8.51507 -5.09708 -101.053 -24.659 -19.1687 101.222 50.7982 50.9367 15.023 49.0686 47.4081 8.23032
38000 -7.41716 -3.40945 10.1003 -2.92273 -101.557 -24.5529 -22.0628 101.107 50.8452 50.99 15.0243 49.0716 47.4356 8.2294
39000 -9.03927 -4.5621 11.6755 -0.56945 -101.922 -27.2443 -21.9072 101.204 50.8864 51.0415 15.0264 49.0788 47.4625 8.2291
40000 -10.4614 -5.6277 13.2025 1.78183 -102.375 -28.1402 -24.4691 101.155 50.9267 51.0896 15.0292 49.089 47.4873 8.22925
41000 -11.7582 -6.65483 14.6309 4.05087 -102.651 -30.0162 -25.8513 101.142 50.9628 51.1406 15.0329 49.1015 47.5102 8.23002
42000 -13.0287 -7.52454 15.9634 6.24651 -103.01 -32.3133 -26.9374 101.209 51.0003 51.189 15.037 49.1162 47.5308 8.23108
43000 -14.2049 -8.33013 17.1799 8.32203 -103.302 -33.3586 -29.433 101.119 51.0362 51.2396 15.042 49.1331 47.5487 8.23257
44000 -15.3809 -8.99445 18.2265 10.2986 -103.577 -36.0687 -29.9579 101.207 51.0719 51.2913 15.0475 49.1523 47.5639 8.23442
45000 -16.4543 -9.53319 18.9819 12.2095 -103.926 -37.2304 -32.1734 101.143 51.1087 51.3436 15.0536 49.1746 47.5761 8.23659
46000 -17.4375 -9.8454 19.6604 13.9946 -104.073 -39.4038 -33.0425 101.17 51.1445 51.3996 15.0604 49.1998 47.5844 8.23905
47000 -18.3826 -9.91177 19.9833 15.6773 -104.29 -41.0944 -34.2638 101.171 51.1827 51.4569 15.0676 49.2284 47.5883 8.24158
48000 -19.1981 -9.57297 20.0435 17.2463 -104.323 -42.566 -35.382 101.138 51.2205 51.5195 15.0753 49.2609 47.5863 8.24425
49000 -19.8556 -8.62966 19.6225 18.6355 -104.288 -44.4658 -35.5675 101.169 51.2604 51.5866 15.0831 49.2977 47.5765 8.24672
50000 -20.3918 -6.95218 18.4536 19.8143 -103.879 -45.4995 -36.1469 101.105 51.3017 51.6619 15.0907 49.34 47.556 8.24903
51000 -20.6305 -4.43655 16.4235 20.6225 -102.993 -47.081 -35.252 101.095 51.3452 51.7474 15.097 49.3895 47.5216 8.25079
