# Time-averaged data for fix fc_ave
# TimeStep v_xfrict v_yfrict v_sx v_sy v_sz v_fx v_fy v_fz v_comx_ctop v_comy_ctop v_comz_ctop v_comx_cbot v_comy_cbot v_comz_cbot
3000 0.373542 0.412623 0.0271085 0.029546 -101.1 11.0697 11.8659 99.6533 50.138 49.346 15.2044 50.1485 48.6236 8.41396
4000 2.01921 2.51056 0.318332 0.371073 -99.2611 29.7072 28.9681 97.7051 50.0758 49.281 15.2102 50.1432 48.6173 8.41586
5000 3.3449 2.98986 1.22374 1.40896 -103.441 20.9262 7.4705 109.47 50.0145 49.2451 15.1987 50.1274 48.5992 8.41139
6000 4.73028 3.12327 2.84479 2.77241 -103.131 45.8407 23.4447 95.3195 49.9259 49.2021 15.2071 50.1014 48.5776 8.41154
7000 5.97424 2.97253 5.22338 4.46393 -97.9543 18.4166 6.376 102.436 49.8221 49.1548 15.2171 50.0612 48.5501 8.4162
8000 5.54863 1.68106 8.28367 6.3045 -103.217 15.3797 4.56002 103.671 49.8246 49.1768 15.1999 50.0095 48.5199 8.4087
9000 4.91247 2.43728 11.3192 7.8002 -97.4444 22.6942 17.6236 95.5148 49.7745 49.1272 15.2115 49.9509 48.4878 8.41142
10000 3.88308 0.946602 14.8258 9.80258 -97.2522 -1.4899 -12.9381 106.983 49.766 49.1426 15.1989 49.8854 48.4487 8.40644
11000 2.03271 -0.0445134 18.381 11.6499 -97.7945 16.5974 10.2498 96.7446 49.7597 49.1439 15.1935 49.8161 48.4124 8.39919
12000 0.109199 -1.61931 21.627 13.3241 -95.0747 -3.50917 -24.3666 105.747 49.7395 49.1536 15.1862 49.7443 48.3742 8.39363
13000 -2.24717 -3.72942 24.931 14.7683 -96.7074 10.4429 -1.11978 95.9594 49.7244 49.1901 15.1792 49.6745 48.3429 8.38275
14000 -5.26032 -4.8496 27.6014 15.7445 -95.0653 -18.8826 -16.3951 106.069 49.7174 49.1926 15.1703 49.6061 48.3146 8.37453
15000 -8.13956 -6.18071 30.1539 16.7675 -97.607 0.47165 -15.446 97.9054 49.7153 49.2129 15.1647 49.5476 48.2904 8.36252
16000 -9.91847 -7.3533 31.9023 17.2689 -95.9898 -14.7634 -26.3521 102.387 49.6857 49.2512 15.1603 49.4924 48.2695 8.35498
17000 -12.6816 -8.35127 33.6921 17.7759 -98.2348 -20.8888 -15.443 101.01 49.6897 49.2747 15.1551 49.4436 48.2533 8.34417
18000 -14.5855 -8.91841 34.7941 18.0338 -98.466 -17.0847 -35.3873 101.529 49.6812 49.3093 15.1532 49.4027 48.2398 8.33665
19000 -15.9371 -9.03832 35.5941 18.1861 -98.4517 -27.61 -24.3556 100.819 49.6633 49.365 15.1536 49.3669 48.2277 8.33013
20000 -18.3193 -9.24502 36.4685 18.6069 -100.729 -30.266 -30.5075 101.595 49.6809 49.3997 15.1517 49.3381 48.2157 8.32219
21000 -19.1373 -8.25288 36.5707 18.8293 -99.9427 -28.3103 -36.2177 100.403 49.6702 49.4656 15.1559 49.3165 48.2014 8.31837
22000 -20.8158 -6.96077 36.7691 19.4736 -100.927 -41.9831 -27.6486 102.092 49.6834 49.5298 15.1569 49.3001 48.1796 8.31274
23000 -21.803 -4.89243 36.4687 20.3558 -100.948 -34.5847 -38.6684 100.583 49.6967 49.6009 15.1615 49.2918 48.1477 8.30858
24000 -22.4094 -1.23916 35.576 21.5652 -99.7199 -45.4697 -29.0748 101.454 49.7066 49.7006 15.1634 49.2889 48.0979 8.30482
25000 -22.8093 3.00194 34.063 23.112 -98.4837 -42.8411 -32.8166 100.694 49.7375 49.7967 15.1628 49.293 48.0236 8.29937
26000 -21.7408 8.13511 31.1331 24.2115 -93.7687 -46.7033 -28.6488 100.899 49.7604 49.9318 15.1545 49.3028 47.9198 8.29463
27000 -19.621 11.0504 26.9144 24.0562 -90.2955 -48.057 -23.6334 100.806 49.8096 50.0633 15.1349 49.3164 47.7903 8.28568
28000 -15.0724 9.1915 21.8524 21.7824 -88.8931 -46.569 -24.9594 101.448 49.8675 50.2021 15.1086 49.3291 47.6585 8.27433
29000 -9.59065 5.42262 17.3514 18.2262 -92.8576 -47.2892 -17.4828 101.372 49.9556 50.311 15.0858 49.3311 47.552 8.26016
30000 -4.11304 3.12024 13.5612 13.7416 -96.5162 -42.9385 -21.5917 101.48 50.065 50.3966 15.0741 49.3183 47.4752 8.24961
31000 0.740297 2.99602 10.5347 8.7355 -97.9674 -40.7271 -16.7973 100.987 50.1914 50.4769 15.0668 49.289 47.4218 8.24365
32000 4.32076 4.37095 7.97726 3.39431 -97.4821 -36.0987 -18.545 101.124 50.3311 50.5507 15.0589 49.2462 47.3816 8.24125
33000 5.69852 4.67312 6.07068 -1.60745 -97.0604 -31.7936 -17.3991 101.042 50.4691 50.636 15.0476 49.196 47.3532 8.24004
34000 3.73812 3.86405 5.02924 -5.21848 -97.546 -29.5519 -15.7851 101.281 50.5973 50.7121 15.036 49.1511 47.3404 8.23853
35000 0.358036 1.93179 5.17427 -6.72528 -99.0036 -26.103 -17.6037 101.233 50.7013 50.7832 15.0282 49.1221 47.3435 8.23607
36000 -2.97879 -0.0410225 6.15437 -6.41289 -100.257 -26.5876 -16.2327 101.224 50.7814 50.8447 15.025 49.1094 47.3597 8.23375
37000 -5.60183 -1.63611 7.49952 -4.78343 -101.192 -26.0797 -18.3637 101.166 50.8464 50.8959 15.0248 49.109 47.3823 8.23213
38000 -7.55655 -3.07996 8.9789 -2.55531 -101.68 -27.1077 -19.5048 101.149 50.8986 50.9468 15.0264 49.1161 47.4067 8.23144
39000 -9.16808 -4.28746 10.4747 -0.139661 -102.088 -28.9194 -20.3271 101.183 50.947 50.9918 15.0287 49.1279 47.4307 8.2313
40000 -10.5809 -5.3484 11.8707 2.32017 -102.493 -29.6438 -23.0635 101.14 50.9911 51.0376 15.0318 49.1428 47.4526 8.23174
41000 -11.8606 -6.39651 13.0332 4.73715 -102.826 -32.1269 -23.5703 101.188 51.033 51.0834 15.0356 49.1606 47.4721 8.2328
42000 -13.0641 -7.34917 14.221 7.07723 -103.117 -33.2554 -26.0418 101.151 51.0751 51.1277 15.04 49.181 47.489 8.23417
43000 -14.19 -8.16104 15.2411 9.31928 -103.359 -35.242 -27.3328 101.161 51.1151 51.1749 15.045 49.2039 47.5031 8.23591
44000 -15.2772 -8.90835 15.9932 11.4652 -103.649 -37.105 -28.8194 101.18 51.1565 51.2211 15.0505 49.2296 47.5142 8.2379
45000 -16.2983 -9.47488 16.572 13.5525 -103.835 -38.4824 -30.7465 101.137 51.1971 51.2704 15.0566 49.2587 47.5219 8.24021
46000 -17.2652 -9.83086 16.8909 15.5645 -103.997 -40.6631 -31.5599 101.187 51.2384 51.3212 15.0631 49.2914 47.5254 8.24267
47000 -18.1064 -9.92321 16.7186 17.6062 -104.159 -41.8343 -33.348 101.139 51.2806 51.375 15.07 49.3286 47.5236 8.24527
48000 -18.8089 -9.62118 16.209 19.3955 -104.019 -43.7678 -33.8705 101.16 51.3234 51.4333 15.0772 49.3708 47.5152 8.24779
49000 -19.3213 -8.71594 15.0966 21.0046 -103.74 -44.9508 -34.8159 101.129 51.3685 51.4962 15.0841 49.4187 47.4985 8.24987
50000 -19.5898 -6.98361 13.231 22.2887 -102.998 -46.306 -34.8605 101.104 51.4152 51.5681 15.0904 49.4734 47.4704 8.25135
51000 -19.6045 -4.42667 10.5674 23.1447 -101.795 -47.3365 -34.4222 101.071 51.4654 51.6498 15.0948 49.5362 47.4279 8.25171
